1
2
4
8
16
32
64
128
256
512
1024
2048
4096
8192
16384
32768
65536
131072
262144
524288
1048576
2097152
4194304
8388608
16777216
33554432
67108864
134217728
268435456
536870912
1073741824
2147483648
4294967296
8589934592
17179869184
34359738368
68719476736
137438953472
274877906944
549755813888
1099511627776
2199023255552
4398046511104
8796093022208
17592186044416
35184372088832
70368744177664
140737488355328
281474976710656
562949953421312
1125899906842624
2251799813685248
4503599627370496
9007199254740992
18014398509481984
36028797018963970
72057594037927940
144115188075855870
288230376151711740
576460752303423500
1152921504606847000
2305843009213694000
4611686018427388000
9223372036854776000
18446744073709552000
36893488147419103000
73786976294838210000
147573952589676410000
295147905179352830000
590295810358705700000
1.1805916207174113e+21
2.3611832414348226e+21
4.722366482869645e+21
9.44473296573929e+21
1.888946593147858e+22
3.777893186295716e+22
7.555786372591432e+22
1.5111572745182865e+23
3.022314549036573e+23
6.044629098073146e+23
1.2089258196146292e+24
2.4178516392292583e+24
4.835703278458517e+24
9.671406556917033e+24
1.9342813113834067e+25
3.8685626227668134e+25
7.737125245533627e+25
1.5474250491067253e+26
3.094850098213451e+26
6.189700196426902e+26
1.2379400392853803e+27
2.4758800785707605e+27
4.951760157141521e+27
9.903520314283042e+27
1.9807040628566084e+28
3.961408125713217e+28
7.922816251426434e+28
1.5845632502852868e+29
3.1691265005705735e+29
6.338253001141147e+29
1.2676506002282294e+30
2.535301200456459e+30
5.070602400912918e+30
1.0141204801825835e+31
2.028240960365167e+31
4.056481920730334e+31
8.112963841460668e+31
1.6225927682921336e+32
3.2451855365842673e+32
6.490371073168535e+32
1.298074214633707e+33
2.596148429267414e+33
5.192296858534828e+33
1.0384593717069655e+34
2.076918743413931e+34
4.153837486827862e+34
8.307674973655724e+34
1.661534994731145e+35
3.32306998946229e+35
6.64613997892458e+35
1.329227995784916e+36
2.658455991569832e+36
5.316911983139664e+36
1.0633823966279327e+37
2.1267647932558654e+37
4.253529586511731e+37
8.507059173023462e+37
1.7014118346046923e+38
3.402823669209385e+38
6.80564733841877e+38
1.361129467683754e+39
2.722258935367508e+39
5.444517870735016e+39
1.0889035741470031e+40
2.1778071482940062e+40
4.3556142965880123e+40
8.711228593176025e+40
1.742245718635205e+41
3.48449143727041e+41
6.96898287454082e+41
1.393796574908164e+42
2.787593149816328e+42
5.575186299632656e+42
1.1150372599265312e+43
2.2300745198530623e+43
4.460149039706125e+43
8.92029807941225e+43
1.78405961588245e+44
3.5681192317649e+44
7.1362384635298e+44
1.42724769270596e+45
2.85449538541192e+45
5.70899077082384e+45
1.141798154164768e+46
2.283596308329536e+46
4.567192616659072e+46
9.134385233318143e+46
1.8268770466636286e+47
3.6537540933272573e+47
7.307508186654515e+47
1.461501637330903e+48
2.923003274661806e+48
5.846006549323612e+48
1.1692013098647223e+49
2.3384026197294447e+49
4.6768052394588893e+49
9.353610478917779e+49
1.8707220957835557e+50
3.7414441915671115e+50
7.482888383134223e+50
1.4965776766268446e+51
2.9931553532536892e+51
5.986310706507379e+51
1.1972621413014757e+52
2.3945242826029513e+52
4.789048565205903e+52
9.578097130411805e+52
1.915619426082361e+53
3.831238852164722e+53
7.662477704329444e+53
1.532495540865889e+54
3.064991081731778e+54
6.129982163463556e+54
1.2259964326927111e+55
2.4519928653854222e+55
4.9039857307708443e+55
9.807971461541689e+55
1.9615942923083377e+56
3.9231885846166755e+56
7.846377169233351e+56
1.5692754338466702e+57
3.1385508676933404e+57
6.277101735386681e+57
1.2554203470773362e+58
2.5108406941546723e+58
5.021681388309345e+58
1.004336277661869e+59
2.008672555323738e+59
4.017345110647476e+59
8.034690221294951e+59
1.6069380442589903e+60
3.2138760885179806e+60
6.427752177035961e+60
1.2855504354071922e+61
2.5711008708143844e+61
5.142201741628769e+61
1.0284403483257538e+62
2.0568806966515076e+62
4.113761393303015e+62
8.22752278660603e+62
1.645504557321206e+63
3.291009114642412e+63
6.582018229284824e+63
1.3164036458569648e+64
2.6328072917139297e+64
5.2656145834278593e+64
1.0531229166855719e+65
2.1062458333711437e+65
4.2124916667422875e+65
8.424983333484575e+65
1.684996666696915e+66
3.36999333339383e+66
6.73998666678766e+66
1.347997333357532e+67
2.695994666715064e+67
5.391989333430128e+67
1.0783978666860256e+68
2.1567957333720512e+68
4.3135914667441024e+68
8.627182933488205e+68
1.725436586697641e+69
3.450873173395282e+69
6.901746346790564e+69
1.3803492693581128e+70
2.7606985387162255e+70
5.521397077432451e+70
1.1042794154864902e+71
2.2085588309729804e+71
4.417117661945961e+71
8.834235323891922e+71
1.7668470647783843e+72
3.533694129556769e+72
7.067388259113537e+72
1.4134776518227075e+73
2.826955303645415e+73
5.65391060729083e+73
1.130782121458166e+74
2.261564242916332e+74
4.523128485832664e+74
9.046256971665328e+74
1.8092513943330656e+75
3.618502788666131e+75
7.237005577332262e+75
1.4474011154664524e+76
2.894802230932905e+76
5.78960446186581e+76
1.157920892373162e+77
2.315841784746324e+77
4.631683569492648e+77
9.263367138985296e+77
1.8526734277970591e+78
3.7053468555941183e+78
7.410693711188237e+78
1.4821387422376473e+79
2.9642774844752946e+79
5.928554968950589e+79
1.1857109937901178e+80
2.3714219875802357e+80
4.7428439751604714e+80
9.485687950320943e+80
1.8971375900641885e+81
3.794275180128377e+81
7.588550360256754e+81
1.517710072051351e+82
3.035420144102702e+82
6.070840288205404e+82
1.2141680576410807e+83
2.4283361152821613e+83
4.856672230564323e+83
9.713344461128645e+83
1.942668892225729e+84
3.885337784451458e+84
7.770675568902916e+84
1.5541351137805833e+85
3.1082702275611665e+85
6.216540455122333e+85
1.2433080910244666e+86
2.4866161820489332e+86
4.9732323640978664e+86
9.946464728195733e+86
1.9892929456391466e+87
3.978585891278293e+87
7.957171782556586e+87
1.5914343565113173e+88
3.1828687130226345e+88
6.365737426045269e+88
1.2731474852090538e+89
2.5462949704181076e+89
5.092589940836215e+89
1.018517988167243e+90
2.037035976334486e+90
4.074071952668972e+90
8.148143905337944e+90
1.629628781067589e+91
3.259257562135178e+91
6.518515124270356e+91
1.3037030248540711e+92
2.6074060497081422e+92
5.2148120994162844e+92
1.0429624198832569e+93
2.0859248397665138e+93
4.1718496795330275e+93
8.343699359066055e+93
1.668739871813211e+94
3.337479743626422e+94
6.674959487252844e+94
1.3349918974505688e+95
2.6699837949011376e+95
5.339967589802275e+95
1.067993517960455e+96
2.13598703592091e+96
4.27197407184182e+96
8.54394814368364e+96
1.708789628736728e+97
3.417579257473456e+97
6.835158514946912e+97
1.3670317029893825e+98
2.734063405978765e+98
5.46812681195753e+98
1.093625362391506e+99
2.187250724783012e+99
4.374501449566024e+99
8.749002899132048e+99
1.7498005798264095e+100
3.499601159652819e+100
6.999202319305638e+100
1.3998404638611276e+101
2.7996809277222553e+101
5.599361855444511e+101
1.1198723710889021e+102
2.2397447421778042e+102
4.4794894843556084e+102
8.958978968711217e+102
1.7917957937422434e+103
3.583591587484487e+103
7.167183174968974e+103
1.4334366349937947e+104
2.8668732699875894e+104
5.733746539975179e+104
1.1467493079950358e+105
2.2934986159900715e+105
4.586997231980143e+105
9.173994463960286e+105
1.8347988927920572e+106
3.6695977855841144e+106
7.339195571168229e+106
1.4678391142336458e+107
2.9356782284672915e+107
5.871356456934583e+107
1.1742712913869166e+108
2.3485425827738332e+108
4.6970851655476665e+108
9.394170331095333e+108
1.8788340662190666e+109
3.757668132438133e+109
7.515336264876266e+109
1.5030672529752533e+110
3.0061345059505065e+110
6.012269011901013e+110
1.2024538023802026e+111
2.4049076047604052e+111
4.8098152095208105e+111
9.619630419041621e+111
1.9239260838083242e+112
3.8478521676166484e+112
7.695704335233297e+112
1.5391408670466593e+113
3.078281734093319e+113
6.156563468186638e+113
1.2313126936373275e+114
2.462625387274655e+114
4.92525077454931e+114
9.85050154909862e+114
1.970100309819724e+115
3.940200619639448e+115
7.880401239278896e+115
1.5760802478557792e+116
3.1521604957115583e+116
6.304320991423117e+116
1.2608641982846233e+117
2.5217283965692467e+117
5.0434567931384933e+117
1.0086913586276987e+118
2.0173827172553973e+118
4.034765434510795e+118
8.06953086902159e+118
1.613906173804318e+119
3.227812347608636e+119
6.455624695217272e+119
1.2911249390434543e+120
2.5822498780869086e+120
5.164499756173817e+120
1.0328999512347634e+121
2.065799902469527e+121
4.131599804939054e+121
8.263199609878108e+121
1.6526399219756215e+122
3.305279843951243e+122
6.610559687902486e+122
1.3221119375804972e+123
2.6442238751609944e+123
5.288447750321989e+123
1.0576895500643978e+124
2.1153791001287955e+124
4.230758200257591e+124
8.461516400515182e+124
1.6923032801030364e+125
3.384606560206073e+125
6.769213120412146e+125
1.3538426240824291e+126
2.7076852481648583e+126
5.415370496329717e+126
1.0830740992659433e+127
2.1661481985318866e+127
4.332296397063773e+127
8.664592794127546e+127
1.7329185588255093e+128
3.4658371176510186e+128
6.931674235302037e+128
1.3863348470604074e+129
2.772669694120815e+129
5.54533938824163e+129
1.109067877648326e+130
2.218135755296652e+130
4.436271510593304e+130
8.872543021186608e+130
1.7745086042373215e+131
3.549017208474643e+131
7.098034416949286e+131
1.4196068833898572e+132
2.8392137667797144e+132
5.678427533559429e+132
1.1356855067118858e+133
2.2713710134237715e+133
4.542742026847543e+133
9.085484053695086e+133
1.8170968107390172e+134
3.6341936214780345e+134
7.268387242956069e+134
1.4536774485912138e+135
2.9073548971824276e+135
5.814709794364855e+135
1.162941958872971e+136
2.325883917745942e+136
4.651767835491884e+136
9.303535670983768e+136
1.8607071341967536e+137
3.7214142683935073e+137
7.442828536787015e+137
1.488565707357403e+138
2.977131414714806e+138
5.954262829429612e+138
1.1908525658859223e+139
2.3817051317718447e+139
4.7634102635436893e+139
9.526820527087379e+139
1.9053641054174757e+140
3.8107282108349515e+140
7.621456421669903e+140
1.5242912843339806e+141
3.048582568667961e+141
6.097165137335922e+141
1.2194330274671845e+142
2.438866054934369e+142
4.877732109868738e+142
9.755464219737476e+142
1.9510928439474951e+143
3.9021856878949903e+143
7.804371375789981e+143
1.5608742751579961e+144
3.1217485503159922e+144
6.243497100631985e+144
1.248699420126397e+145
2.497398840252794e+145
4.994797680505588e+145
9.989595361011175e+145
1.997919072202235e+146
3.99583814440447e+146
7.99167628880894e+146
1.598335257761788e+147
3.196670515523576e+147
6.393341031047152e+147
1.2786682062094304e+148
2.557336412418861e+148
5.114672824837722e+148
1.0229345649675443e+149
2.0458691299350887e+149
4.0917382598701773e+149
8.183476519740355e+149
1.636695303948071e+150
3.273390607896142e+150
6.546781215792284e+150
1.3093562431584567e+151
2.6187124863169135e+151
5.237424972633827e+151
1.0474849945267654e+152
2.094969989053531e+152
4.189939978107062e+152
8.379879956214123e+152
1.6759759912428246e+153
3.3519519824856493e+153
6.703903964971299e+153
1.3407807929942597e+154
2.6815615859885194e+154
5.363123171977039e+154
1.0726246343954078e+155
2.1452492687908155e+155
4.290498537581631e+155
8.580997075163262e+155
1.7161994150326524e+156
3.432398830065305e+156
6.86479766013061e+156
1.372959532026122e+157
2.745919064052244e+157
5.491838128104488e+157
1.0983676256208976e+158
2.196735251241795e+158
4.39347050248359e+158
8.78694100496718e+158
1.757388200993436e+159
3.514776401986872e+159
7.029552803973744e+159
1.405910560794749e+160
2.811821121589498e+160
5.623642243178996e+160
1.1247284486357991e+161
2.2494568972715982e+161
4.4989137945431964e+161
8.997827589086393e+161
1.7995655178172786e+162
3.599131035634557e+162
7.198262071269114e+162
1.439652414253823e+163
2.879304828507646e+163
5.758609657015292e+163
1.1517219314030583e+164
2.3034438628061165e+164
4.606887725612233e+164
9.213775451224466e+164
1.8427550902448932e+165
3.6855101804897865e+165
7.371020360979573e+165
1.4742040721959146e+166
2.9484081443918292e+166
5.896816288783659e+166
1.1793632577567317e+167
2.3587265155134633e+167
4.717453031026927e+167
9.434906062053853e+167
1.8869812124107707e+168
3.7739624248215414e+168
7.547924849643083e+168
1.5095849699286165e+169
3.019169939857233e+169
6.038339879714466e+169
1.2076679759428932e+170
2.4153359518857865e+170
4.830671903771573e+170
9.661343807543146e+170
1.9322687615086292e+171
3.8645375230172583e+171
7.729075046034517e+171
1.5458150092069033e+172
3.091630018413807e+172
6.183260036827614e+172
1.2366520073655227e+173
2.4733040147310453e+173
4.946608029462091e+173
9.893216058924181e+173
1.9786432117848363e+174
3.9572864235696725e+174
7.914572847139345e+174
1.582914569427869e+175
3.165829138855738e+175
6.331658277711476e+175
1.2663316555422952e+176
2.5326633110845904e+176
5.065326622169181e+176
1.0130653244338362e+177
2.0261306488676723e+177
4.052261297735345e+177
8.10452259547069e+177
1.620904519094138e+178
3.241809038188276e+178
6.483618076376552e+178
1.2967236152753103e+179
2.5934472305506206e+179
5.186894461101241e+179
1.0373788922202482e+180
2.0747577844404965e+180
4.149515568880993e+180
8.299031137761986e+180
1.6598062275523972e+181
3.3196124551047944e+181
6.639224910209589e+181
1.3278449820419177e+182
2.6556899640838355e+182
5.311379928167671e+182
1.0622759856335342e+183
2.1245519712670684e+183
4.249103942534137e+183
8.498207885068274e+183
1.6996415770136547e+184
3.3992831540273094e+184
6.798566308054619e+184
1.3597132616109238e+185
2.7194265232218475e+185
5.438853046443695e+185
1.087770609288739e+186
2.175541218577478e+186
4.351082437154956e+186
8.702164874309912e+186
1.7404329748619824e+187
3.480865949723965e+187
6.96173189944793e+187
1.392346379889586e+188
2.784692759779172e+188
5.569385519558344e+188
1.1138771039116688e+189
2.2277542078233375e+189
4.455508415646675e+189
8.91101683129335e+189
1.78220336625867e+190
3.56440673251734e+190
7.12881346503468e+190
1.425762693006936e+191
2.851525386013872e+191
5.703050772027744e+191
1.1406101544055488e+192
2.2812203088110976e+192
4.562440617622195e+192
9.12488123524439e+192
1.824976247048878e+193
3.649952494097756e+193
7.299904988195512e+193
1.4599809976391025e+194
2.919961995278205e+194
5.83992399055641e+194
1.167984798111282e+195
2.335969596222564e+195
4.671939192445128e+195
9.343878384890256e+195
1.8687756769780512e+196
3.7375513539561023e+196
7.475102707912205e+196
1.495020541582441e+197
2.990041083164882e+197
5.980082166329764e+197
1.1960164332659527e+198
2.3920328665319055e+198
4.784065733063811e+198
9.568131466127622e+198
1.9136262932255244e+199
3.827252586451049e+199
7.654505172902098e+199
1.5309010345804195e+200
3.061802069160839e+200
6.123604138321678e+200
1.2247208276643356e+201
2.4494416553286712e+201
4.8988833106573424e+201
9.797766621314685e+201
1.959553324262937e+202
3.919106648525874e+202
7.838213297051748e+202
1.5676426594103496e+203
3.135285318820699e+203
6.270570637641398e+203
1.2541141275282797e+204
2.5082282550565593e+204
5.016456510113119e+204
1.0032913020226237e+205
2.0065826040452475e+205
4.013165208090495e+205
8.02633041618099e+205
1.605266083236198e+206
3.210532166472396e+206
6.421064332944792e+206
1.2842128665889584e+207
2.568425733177917e+207
5.136851466355834e+207
1.0273702932711667e+208
2.0547405865423334e+208
4.109481173084667e+208
8.218962346169334e+208
1.6437924692338667e+209
3.2875849384677334e+209
6.575169876935467e+209
1.3150339753870934e+210
2.630067950774187e+210
5.260135901548374e+210
1.0520271803096747e+211
2.1040543606193494e+211
4.208108721238699e+211
8.416217442477398e+211
1.6832434884954795e+212
3.366486976990959e+212
6.732973953981918e+212
1.3465947907963836e+213
2.6931895815927672e+213
5.386379163185535e+213
1.077275832637107e+214
2.154551665274214e+214
4.309103330548428e+214
8.618206661096855e+214
1.723641332219371e+215
3.447282664438742e+215
6.894565328877484e+215
1.3789130657754968e+216
2.7578261315509936e+216
5.515652263101987e+216
1.1031304526203975e+217
2.206260905240795e+217
4.41252181048159e+217
8.82504362096318e+217
1.765008724192636e+218
3.530017448385272e+218
7.060034896770544e+218
1.4120069793541087e+219
2.8240139587082175e+219
5.648027917416435e+219
1.129605583483287e+220
2.259211166966574e+220
4.518422333933148e+220
9.036844667866296e+220
1.8073689335732592e+221
3.6147378671465184e+221
7.229475734293037e+221
1.4458951468586074e+222
2.891790293717215e+222
5.78358058743443e+222
1.156716117486886e+223
2.313432234973772e+223
4.626864469947544e+223
9.253728939895087e+223
1.8507457879790174e+224
3.701491575958035e+224
7.40298315191607e+224
1.480596630383214e+225
2.961193260766428e+225
5.922386521532856e+225
1.1844773043065711e+226
2.3689546086131423e+226
4.737909217226285e+226
9.47581843445257e+226
1.895163686890514e+227
3.790327373781028e+227
7.580654747562055e+227
1.516130949512411e+228
3.032261899024822e+228
6.064523798049644e+228
1.2129047596099289e+229
2.4258095192198577e+229
4.8516190384397154e+229
9.703238076879431e+229
1.9406476153758862e+230
3.8812952307517723e+230
7.762590461503545e+230
1.552518092300709e+231
3.105036184601418e+231
6.210072369202836e+231
1.2420144738405671e+232
2.4840289476811343e+232
4.968057895362269e+232
9.936115790724537e+232
1.9872231581449074e+233
3.974446316289815e+233
7.94889263257963e+233
1.589778526515926e+234
3.179557053031852e+234
6.359114106063704e+234
1.2718228212127408e+235
2.5436456424254815e+235
5.087291284850963e+235
1.0174582569701926e+236
2.0349165139403852e+236
4.0698330278807704e+236
8.139666055761541e+236
1.6279332111523082e+237
3.2558664223046163e+237
6.511732844609233e+237
1.3023465689218465e+238
2.604693137843693e+238
5.209386275687386e+238
1.0418772551374772e+239
2.0837545102749545e+239
4.167509020549909e+239
8.335018041099818e+239
1.6670036082199636e+240
3.334007216439927e+240
6.668014432879854e+240
1.333602886575971e+241
2.667205773151942e+241
5.334411546303884e+241
1.0668823092607767e+242
2.1337646185215534e+242
4.267529237043107e+242
8.535058474086213e+242
1.7070116948172427e+243
3.4140233896344854e+243
6.828046779268971e+243
1.3656093558537942e+244
2.7312187117075883e+244
5.462437423415177e+244
1.0924874846830353e+245
2.1849749693660706e+245
4.3699499387321413e+245
8.739899877464283e+245
1.7479799754928565e+246
3.495959950985713e+246
6.991919901971426e+246
1.3983839803942852e+247
2.7967679607885704e+247
5.593535921577141e+247
1.1187071843154282e+248
2.2374143686308563e+248
4.474828737261713e+248
8.949657474523425e+248
1.789931494904685e+249
3.57986298980937e+249
7.15972597961874e+249
1.431945195923748e+250
2.863890391847496e+250
5.727780783694992e+250
1.1455561567389984e+251
2.291112313477997e+251
4.582224626955994e+251
9.164449253911988e+251
1.8328898507823975e+252
3.665779701564795e+252
7.33155940312959e+252
1.466311880625918e+253
2.932623761251836e+253
5.865247522503672e+253
1.1730495045007344e+254
2.346099009001469e+254
4.692198018002938e+254
9.384396036005875e+254
1.876879207201175e+255
3.75375841440235e+255
7.5075168288047e+255
1.50150336576094e+256
3.00300673152188e+256
6.00601346304376e+256
1.201202692608752e+257
2.402405385217504e+257
4.804810770435008e+257
9.609621540870016e+257
1.9219243081740033e+258
3.8438486163480065e+258
7.687697232696013e+258
1.5375394465392026e+259
3.0750788930784052e+259
6.150157786156811e+259
1.2300315572313621e+260
2.4600631144627242e+260
4.9201262289254483e+260
9.840252457850897e+260
1.9680504915701793e+261
3.936100983140359e+261
7.872201966280717e+261
1.5744403932561435e+262
3.148880786512287e+262
6.297761573024574e+262
1.2595523146049148e+263
2.5191046292098296e+263
5.038209258419659e+263
1.0076418516839318e+264
2.0152837033678636e+264
4.0305674067357273e+264
8.061134813471455e+264
1.612226962694291e+265
3.224453925388582e+265
6.448907850777164e+265
1.2897815701554327e+266
2.5795631403108655e+266
5.159126280621731e+266
1.0318252561243462e+267
2.0636505122486924e+267
4.127301024497385e+267
8.25460204899477e+267
1.650920409798954e+268
3.301840819597908e+268
6.603681639195816e+268
1.3207363278391631e+269
2.6414726556783262e+269
5.282945311356653e+269
1.0565890622713305e+270
2.113178124542661e+270
4.226356249085322e+270
8.452712498170644e+270
1.6905424996341288e+271
3.3810849992682576e+271
6.762169998536515e+271
1.352433999707303e+272
2.704867999414606e+272
5.409735998829212e+272
1.0819471997658424e+273
2.163894399531685e+273
4.32778879906337e+273
8.65557759812674e+273
1.731115519625348e+274
3.462231039250696e+274
6.924462078501392e+274
1.3848924157002783e+275
2.7697848314005566e+275
5.539569662801113e+275
1.1079139325602226e+276
2.2158278651204453e+276
4.431655730240891e+276
8.863311460481781e+276
1.7726622920963562e+277
3.5453245841927125e+277
7.090649168385425e+277
1.418129833677085e+278
2.83625966735417e+278
5.67251933470834e+278
1.134503866941668e+279
2.269007733883336e+279
4.538015467766672e+279
9.076030935533344e+279
1.8152061871066688e+280
3.6304123742133376e+280
7.260824748426675e+280
1.452164949685335e+281
2.90432989937067e+281
5.80865979874134e+281
1.161731959748268e+282
2.323463919496536e+282
4.646927838993072e+282
9.293855677986144e+282
1.858771135597229e+283
3.717542271194458e+283
7.435084542388915e+283
1.487016908477783e+284
2.974033816955566e+284
5.948067633911132e+284
1.1896135267822265e+285
2.379227053564453e+285
4.758454107128906e+285
9.516908214257812e+285
1.9033816428515623e+286
3.806763285703125e+286
7.61352657140625e+286
1.52270531428125e+287
3.0454106285625e+287
6.090821257125e+287
1.218164251425e+288
2.43632850285e+288
4.8726570057e+288
9.7453140114e+288
1.94906280228e+289
3.89812560456e+289
7.79625120912e+289
1.559250241824e+290
3.118500483648e+290
6.237000967296e+290
1.2474001934592e+291
2.4948003869184e+291
4.9896007738368e+291
9.9792015476736e+291
1.99584030953472e+292
3.99168061906944e+292
7.98336123813888e+292
1.596672247627776e+293
3.193344495255552e+293
6.386688990511104e+293
1.2773377981022207e+294
2.5546755962044414e+294
5.109351192408883e+294
1.0218702384817765e+295
2.043740476963553e+295
4.087480953927106e+295
8.174961907854212e+295
1.6349923815708425e+296
3.269984763141685e+296
6.53996952628337e+296
1.307993905256674e+297
2.615987810513348e+297
5.231975621026696e+297
1.0463951242053392e+298
2.0927902484106784e+298
4.185580496821357e+298
8.371160993642713e+298
1.6742321987285427e+299
3.3484643974570854e+299
6.696928794914171e+299
1.3393857589828342e+300
2.6787715179656683e+300
5.357543035931337e+300
